000011 00000 00000 00000 00000 000010 jal 2
000000 00011 00010 00001 00000 100100 and r3 r2 r1
000000 00000 00001 00010 00000 100000 add r0 r1 r2 
000000 00100 00011 00000 00000 100000 add r4 r3 r0 
000000 00110 00111 01000 00000 100010 sub r6 r7 r8 
000100 11001 11100 00000 00000 000010 beq r25 r28 2
000000 00000 00001 00010 00000 100000 add r0 r1 r2 
000000 00100 00011 00000 00000 100000 add r4 r3 r0 
000000 00101 00111 01001 00000 100010 sub r5 r7 r9
000000 00100 00000 00011 00000 100100 and r4 r0 r3
000010 00000 00000 00000 00000 001110 j 2
000000 00000 00000 00000 00000 000000 null
000000 00000 00000 00000 00000 000000 null
000000 00000 00000 00000 00000 000000 null
000000 00011 00010 00001 00000 100100 and r3 r2 r1
000010 00000 00000 00000 00000 010011 j 19
000000 00000 00000 00000 00000 000000 null
000000 00000 00000 00000 00000 000000 null
000000 00000 00000 00000 00000 000000 null
000000 00100 00010 00011 00000 100101 or r4 r2 r3
000000 00000 00011 00010 00000 100101 or r0 r3 r2
100011 00011 00100 00000 00000 000010 lw r3 r4 2
100011 00011 00101 00000 00000 000010 lw r3 r5 2
000101 00101 00100 00000 00000 000010 bne r5 r4 2
000100 00101 00100 00000 00000 000010 beq r5 r4 2
000000 00000 00000 00000 00000 000000 null
000000 00000 00000 00000 00000 000000 null
000000 00000 00010 00110 00000 100110 xor r0 r2 r6
000000 00101 00111 00110 00000 100110 xor r5 r7 r6
000011 00000 00000 00000 00000 110110 jal 30
000000 00000 00000 00000 00000 000000 null
000000 11110 00000 00000 00000 001000 jr r30 // 31
000000 10101 00000 00000 00000 001000 jr r20 // 34
000000 00000 00000 00000 00000 000000 null
000000 00000 00000 00000 00000 000000 null
000101 11110 10101 00000 00000 000010 bne r30 r20 2
000000 00000 00000 00000 00000 000000 null
000000 00000 00000 00000 00000 000000 null
101011 00111 00110 00000 00000 000011 sw r7 r6 3
101011 00000 00110 00000 00000 001111 sw r9 r6 15
001111 00100 00000 00000 00011 111111 lui r4 h'ff
001111 00100 00000 00000 00000 001111 lui r4 h'f
001101 00000 00001 00000 00000 000000 ori r0 r1 0
001101 00010 00011 00000 00000 011011 ori r2 r3 27


