00001100
00000000
00000000
00000010
00000000
00000000
00000000
00000000
00000000
00000001
00010000
00100000
00000000
10000011
00000000
00100000
00000000
11000111
01000000
00100010
00010011
00111100
00000000
00000010
00000000
00000000
00000000
00000000
00000000
00000000
00000000
00000000
00000000
10100111
01001000
00100010
00000000
10000000
00011000
00100100
00001000
00000000
00000000
00001110
00000000
00000000
00000000
00000000
00000000
00000000
00000000
00000000
00000000
00000000
00000000
00000000
00000000
01100010
00001000
00100100
00001000
00000000
00000000
00010011
00000000
00000000
00000000
00000000
00000000
00000000
00000000
00000000
00000000
00000000
00000000
00000000
00000000
10000010
00011000
00100101
00000000
00000011
00010000
00100101
10001100
01100100
00000000
00000010
10001100
01100101
00000000
00000010
00010100
10100100
00000000
00000010
00010000
10100100
00000000
00000010
00000000
00000000
00000000
00000000
00000000
00000000
00000000
00000000
00000000
00000010
00110000
00100110
00000000
10100111
00110000
00100110
00001100
00000000
00000000
00110110
00000000
00000000
00000000
00000000
00000011
11000000
00000000
00001000
00000010
10100000
00000000
00001000
00000000
00000000
00000000
00000000
00000000
00000000
00000000
00000000
00010111
11010101
00000000
00000010
00000000
00000000
00000000
00000000
00000000
00000000
00000000
00000000
10101100
11100110
00000000
00000011
10101100
00000110
00000000
00001111
00111100
10000000
00000000
11111111
00111100
10000000
00000000
00001111
00110100
00000001
00000000
00000000
00110100
01000011
00000000
00011011